{
 "cells": [
  {
   "cell_type": "code",
   "execution_count": 2,
   "metadata": {
    "collapsed": true
   },
   "outputs": [],
   "source": [
    "import pandas as pd\n",
    "import pickle\n"
   ]
  },
  {
   "cell_type": "code",
   "execution_count": 3,
   "metadata": {
    "collapsed": true
   },
   "outputs": [],
   "source": [
    "with open('../../Data/data_dict_fixed.pkl', 'rb') as f:\n",
    "    df = pickle.load(f)"
   ]
  },
  {
   "cell_type": "code",
   "execution_count": 5,
   "metadata": {
    "collapsed": false
   },
   "outputs": [
    {
     "data": {
      "text/plain": [
       "dict_keys(['view', 'transcript', 'rating', 'a', 'total_count', 'Video_ID'])"
      ]
     },
     "execution_count": 5,
     "metadata": {},
     "output_type": "execute_result"
    }
   ],
   "source": [
    "df.keys()"
   ]
  },
  {
   "cell_type": "code",
   "execution_count": 6,
   "metadata": {
    "collapsed": true
   },
   "outputs": [],
   "source": [
    "rating_dict = df['rating']"
   ]
  },
  {
   "cell_type": "raw",
   "metadata": {},
   "source": []
  },
  {
   "cell_type": "code",
   "execution_count": 8,
   "metadata": {
    "collapsed": false
   },
   "outputs": [
    {
     "data": {
      "text/plain": [
       "[[0.01967435549525102,\n",
       "  0.02103120759837178,\n",
       "  0.04748982360922659,\n",
       "  0.04511533242876527,\n",
       "  0.18487109905020352,\n",
       "  0.15094979647218454,\n",
       "  0.019335142469470826,\n",
       "  0.14009497964721845,\n",
       "  0.03934871099050204,\n",
       "  0.038331071913161464,\n",
       "  0.04477611940298507,\n",
       "  0.06886024423337857,\n",
       "  0.0912483039348711,\n",
       "  0.08887381275440977],\n",
       " [0.004558404558404558,\n",
       "  0.015954415954415956,\n",
       "  0.017663817663817662,\n",
       "  0.04843304843304843,\n",
       "  0.03076923076923077,\n",
       "  0.4301994301994302,\n",
       "  0.017663817663817662,\n",
       "  0.08603988603988603,\n",
       "  0.035327635327635325,\n",
       "  0.004558404558404558,\n",
       "  0.007977207977207978,\n",
       "  0.07578347578347579,\n",
       "  0.1903133903133903,\n",
       "  0.034757834757834755],\n",
       " [0.01840056617126681,\n",
       "  0.020523708421797595,\n",
       "  0.01132342533616419,\n",
       "  0.2781316348195329,\n",
       "  0.027600849256900213,\n",
       "  0.18400566171266808,\n",
       "  0.18259023354564755,\n",
       "  0.07643312101910828,\n",
       "  0.11535739561217269,\n",
       "  0.014154281670205236,\n",
       "  0.005661712668082095,\n",
       "  0.016985138004246284,\n",
       "  0.04104741684359519,\n",
       "  0.00778485491861288],\n",
       " [0.04343329886246122,\n",
       "  0.004136504653567736,\n",
       "  0.10237849017580145,\n",
       "  0.07083764219234746,\n",
       "  0.0031023784901758012,\n",
       "  0.09617373319544985,\n",
       "  0.11944157187176836,\n",
       "  0.3671147880041365,\n",
       "  0.016028955532574975,\n",
       "  0.01964839710444674,\n",
       "  0.0015511892450879006,\n",
       "  0.02481902792140641,\n",
       "  0.12306101344364012,\n",
       "  0.008273009307135471],\n",
       " [0.007731958762886598,\n",
       "  0.028350515463917526,\n",
       "  0.028350515463917526,\n",
       "  0.02577319587628866,\n",
       "  0.0,\n",
       "  0.23195876288659795,\n",
       "  0.002577319587628866,\n",
       "  0.1056701030927835,\n",
       "  0.005154639175257732,\n",
       "  0.19329896907216496,\n",
       "  0.03350515463917526,\n",
       "  0.10824742268041238,\n",
       "  0.09278350515463918,\n",
       "  0.13659793814432988],\n",
       " [0.03528468323977546,\n",
       "  0.0026062550120288693,\n",
       "  0.25020048115477145,\n",
       "  0.026062550120288693,\n",
       "  0.00020048115477145148,\n",
       "  0.18083400160384924,\n",
       "  0.009623095429029671,\n",
       "  0.12409783480352847,\n",
       "  0.18985565356856454,\n",
       "  0.006214915797914996,\n",
       "  0.010425020048115477,\n",
       "  0.011226944667201283,\n",
       "  0.1389334402566159,\n",
       "  0.014434643143544507],\n",
       " [0.005230125523012552,\n",
       "  0.014644351464435146,\n",
       "  0.12552301255230125,\n",
       "  0.036610878661087864,\n",
       "  0.0,\n",
       "  0.18410041841004185,\n",
       "  0.032426778242677826,\n",
       "  0.20188284518828453,\n",
       "  0.04707112970711297,\n",
       "  0.04079497907949791,\n",
       "  0.013598326359832637,\n",
       "  0.04602510460251046,\n",
       "  0.20606694560669456,\n",
       "  0.04602510460251046],\n",
       " [0.03441682600382409,\n",
       "  0.06739961759082218,\n",
       "  0.010516252390057362,\n",
       "  0.14435946462715105,\n",
       "  0.011950286806883365,\n",
       "  0.20650095602294455,\n",
       "  0.13910133843212238,\n",
       "  0.11376673040152964,\n",
       "  0.02390057361376673,\n",
       "  0.0038240917782026767,\n",
       "  0.004302103250478011,\n",
       "  0.052103250478011474,\n",
       "  0.14244741873804972,\n",
       "  0.04541108986615679],\n",
       " [0.014428739693757362,\n",
       "  0.007950530035335688,\n",
       "  0.04740871613663133,\n",
       "  0.07950530035335689,\n",
       "  0.016195524146054182,\n",
       "  0.15400471142520614,\n",
       "  0.08716136631330977,\n",
       "  0.21083627797408716,\n",
       "  0.020318021201413426,\n",
       "  0.028268551236749116,\n",
       "  0.009422850412249705,\n",
       "  0.04328621908127209,\n",
       "  0.24381625441696114,\n",
       "  0.03739693757361602],\n",
       " [0.1686746987951807,\n",
       "  0.008762322015334063,\n",
       "  0.006297918948521358,\n",
       "  0.20810514786418402,\n",
       "  0.03778751369112815,\n",
       "  0.16265060240963855,\n",
       "  0.06681270536692223,\n",
       "  0.0914567360350493,\n",
       "  0.03450164293537788,\n",
       "  0.019441401971522453,\n",
       "  0.00547645125958379,\n",
       "  0.04079956188389924,\n",
       "  0.10049288061336255,\n",
       "  0.04874041621029573],\n",
       " [0.1299897645854657,\n",
       "  0.009211873080859774,\n",
       "  0.15250767656090072,\n",
       "  0.09518935516888434,\n",
       "  0.007164790174002047,\n",
       "  0.030706243602865915,\n",
       "  0.017400204708290685,\n",
       "  0.43807574206755373,\n",
       "  0.016376663254861822,\n",
       "  0.009211873080859774,\n",
       "  0.01023541453428864,\n",
       "  0.033776867963152504,\n",
       "  0.03991811668372569,\n",
       "  0.01023541453428864],\n",
       " [0.18333333333333332,\n",
       "  0.004954954954954955,\n",
       "  0.07027027027027027,\n",
       "  0.11846846846846847,\n",
       "  0.004954954954954955,\n",
       "  0.04504504504504504,\n",
       "  0.0981981981981982,\n",
       "  0.32882882882882886,\n",
       "  0.0445945945945946,\n",
       "  0.004954954954954955,\n",
       "  0.012162162162162163,\n",
       "  0.02117117117117117,\n",
       "  0.04099099099099099,\n",
       "  0.022072072072072072],\n",
       " [0.04807692307692308,\n",
       "  0.016826923076923076,\n",
       "  0.038461538461538464,\n",
       "  0.0673076923076923,\n",
       "  0.01201923076923077,\n",
       "  0.29086538461538464,\n",
       "  0.009615384615384616,\n",
       "  0.09134615384615384,\n",
       "  0.016826923076923076,\n",
       "  0.11538461538461539,\n",
       "  0.019230769230769232,\n",
       "  0.09615384615384616,\n",
       "  0.1201923076923077,\n",
       "  0.057692307692307696],\n",
       " [0.0071111111111111115,\n",
       "  0.015111111111111112,\n",
       "  0.008,\n",
       "  0.017777777777777778,\n",
       "  0.06933333333333333,\n",
       "  0.18133333333333335,\n",
       "  0.008888888888888889,\n",
       "  0.019555555555555555,\n",
       "  0.011555555555555555,\n",
       "  0.08,\n",
       "  0.26222222222222225,\n",
       "  0.10844444444444444,\n",
       "  0.09244444444444444,\n",
       "  0.11822222222222223],\n",
       " [0.1265365148228489,\n",
       "  0.0036153289949385392,\n",
       "  0.19522776572668113,\n",
       "  0.04338394793926247,\n",
       "  0.0028922631959508315,\n",
       "  0.0549530007230658,\n",
       "  0.013015184381778741,\n",
       "  0.33405639913232105,\n",
       "  0.044107013738250184,\n",
       "  0.013015184381778741,\n",
       "  0.012292118582791034,\n",
       "  0.013015184381778741,\n",
       "  0.1301518438177874,\n",
       "  0.01373825018076645],\n",
       " [0.015174157949189563,\n",
       "  0.006437521554201632,\n",
       "  0.05851247269801126,\n",
       "  0.0742614093573974,\n",
       "  0.06954822393378549,\n",
       "  0.1454190136797333,\n",
       "  0.07299689619496494,\n",
       "  0.20542591102425567,\n",
       "  0.01344982181859984,\n",
       "  0.026439820669042418,\n",
       "  0.011265662719852857,\n",
       "  0.06724910909299919,\n",
       "  0.17576732957811242,\n",
       "  0.05805264972985401],\n",
       " [0.04326647564469914,\n",
       "  0.0025787965616045844,\n",
       "  0.07277936962750717,\n",
       "  0.10315186246418338,\n",
       "  0.14154727793696276,\n",
       "  0.05873925501432665,\n",
       "  0.1664756446991404,\n",
       "  0.2593123209169054,\n",
       "  0.034383954154727794,\n",
       "  0.006017191977077364,\n",
       "  0.003151862464183381,\n",
       "  0.011461318051575931,\n",
       "  0.09541547277936963,\n",
       "  0.0017191977077363897],\n",
       " [0.038288288288288286,\n",
       "  0.009528759528759529,\n",
       "  0.113998613998614,\n",
       "  0.05093555093555094,\n",
       "  0.06427581427581427,\n",
       "  0.08731808731808732,\n",
       "  0.02234927234927235,\n",
       "  0.2072072072072072,\n",
       "  0.0628898128898129,\n",
       "  0.00693000693000693,\n",
       "  0.04608454608454608,\n",
       "  0.031011781011781012,\n",
       "  0.11815661815661815,\n",
       "  0.14102564102564102],\n",
       " [0.07624076029567053,\n",
       "  0.005702217529039071,\n",
       "  0.06610348468848996,\n",
       "  0.07793030623020063,\n",
       "  0.006335797254487857,\n",
       "  0.07074973600844774,\n",
       "  0.06019007391763464,\n",
       "  0.3689545934530095,\n",
       "  0.02154171066525871,\n",
       "  0.01457233368532207,\n",
       "  0.0029567053854276664,\n",
       "  0.02682154171066526,\n",
       "  0.16494192185850054,\n",
       "  0.03695881731784583],\n",
       " [0.013361462728551337,\n",
       "  0.010548523206751054,\n",
       "  0.04922644163150492,\n",
       "  0.1160337552742616,\n",
       "  0.07876230661040788,\n",
       "  0.19690576652601968,\n",
       "  0.04922644163150492,\n",
       "  0.08720112517580872,\n",
       "  0.058368495077355836,\n",
       "  0.011251758087201125,\n",
       "  0.01969057665260197,\n",
       "  0.04149085794655415,\n",
       "  0.2419127988748242,\n",
       "  0.026019690576652602],\n",
       " [0.01982651796778191,\n",
       "  0.0018587360594795538,\n",
       "  0.030978934324659233,\n",
       "  0.1821561338289963,\n",
       "  0.0037174721189591076,\n",
       "  0.09603469640644362,\n",
       "  0.31288723667905827,\n",
       "  0.19206939281288724,\n",
       "  0.0811648079306072,\n",
       "  0.0037174721189591076,\n",
       "  0.0,\n",
       "  0.00929368029739777,\n",
       "  0.06629491945477076,\n",
       "  0.0],\n",
       " [0.020852785558667913,\n",
       "  0.031746031746031744,\n",
       "  0.008403361344537815,\n",
       "  0.20417055711173357,\n",
       "  0.06847183317771553,\n",
       "  0.2119514472455649,\n",
       "  0.05913476501711796,\n",
       "  0.06349206349206349,\n",
       "  0.027699968876439465,\n",
       "  0.06131341425459073,\n",
       "  0.014005602240896359,\n",
       "  0.08994708994708994,\n",
       "  0.05664488017429194,\n",
       "  0.08216619981325864],\n",
       " [0.023728813559322035,\n",
       "  0.005932203389830509,\n",
       "  0.07288135593220339,\n",
       "  0.09152542372881356,\n",
       "  0.017796610169491526,\n",
       "  0.14152542372881355,\n",
       "  0.13050847457627118,\n",
       "  0.2627118644067797,\n",
       "  0.019491525423728815,\n",
       "  0.020338983050847456,\n",
       "  0.009322033898305085,\n",
       "  0.07457627118644068,\n",
       "  0.10254237288135593,\n",
       "  0.02711864406779661],\n",
       " [0.048160535117056855,\n",
       "  0.008026755852842809,\n",
       "  0.1391304347826087,\n",
       "  0.05418060200668896,\n",
       "  0.03745819397993311,\n",
       "  0.08896321070234113,\n",
       "  0.03277591973244147,\n",
       "  0.3010033444816054,\n",
       "  0.0294314381270903,\n",
       "  0.006688963210702341,\n",
       "  0.018060200668896322,\n",
       "  0.02274247491638796,\n",
       "  0.17591973244147158,\n",
       "  0.03745819397993311],\n",
       " [0.09998440180939011,\n",
       "  0.002963656215878958,\n",
       "  0.2442676649508657,\n",
       "  0.03743565746373421,\n",
       "  0.009670878178131337,\n",
       "  0.05038215566994229,\n",
       "  0.012010606769614724,\n",
       "  0.3230385275308064,\n",
       "  0.045858680393074405,\n",
       "  0.003587583840274528,\n",
       "  0.009826860084230228,\n",
       "  0.018873810637965997,\n",
       "  0.13071283731087194,\n",
       "  0.011386679145219155],\n",
       " [0.035173642030276044,\n",
       "  0.004007123775601068,\n",
       "  0.27337488869100623,\n",
       "  0.07569011576135352,\n",
       "  0.01157613535173642,\n",
       "  0.04229741763134461,\n",
       "  0.03294746215494212,\n",
       "  0.3535173642030276,\n",
       "  0.06277827248441674,\n",
       "  0.00578806767586821,\n",
       "  0.006233303650934996,\n",
       "  0.020926090828138913,\n",
       "  0.06366874443455031,\n",
       "  0.012021371326803205],\n",
       " [0.013705335291238374,\n",
       "  0.021047479197258932,\n",
       "  0.0381791483113069,\n",
       "  0.0881057268722467,\n",
       "  0.01957905041605482,\n",
       "  0.18404307391091532,\n",
       "  0.00783162016642193,\n",
       "  0.1194322075379344,\n",
       "  0.02887909936368086,\n",
       "  0.030837004405286344,\n",
       "  0.17719040626529614,\n",
       "  0.04747919725893294,\n",
       "  0.08370044052863436,\n",
       "  0.13999021047479196],\n",
       " [0.039698162729658794,\n",
       "  0.009186351706036745,\n",
       "  0.058727034120734906,\n",
       "  0.06463254593175853,\n",
       "  0.005249343832020997,\n",
       "  0.1538713910761155,\n",
       "  0.037729658792650916,\n",
       "  0.3438320209973753,\n",
       "  0.013779527559055118,\n",
       "  0.017716535433070866,\n",
       "  0.008858267716535433,\n",
       "  0.047244094488188976,\n",
       "  0.18241469816272965,\n",
       "  0.01706036745406824],\n",
       " [0.0571950106480073,\n",
       "  0.0036507453605111044,\n",
       "  0.11317310617584424,\n",
       "  0.059628840888348036,\n",
       "  0.21448128993002738,\n",
       "  0.18162458168542744,\n",
       "  0.029814420444174018,\n",
       "  0.1493763310009127,\n",
       "  0.010952236081533314,\n",
       "  0.021600243383024034,\n",
       "  0.02099178582293885,\n",
       "  0.0571950106480073,\n",
       "  0.05415272284758138,\n",
       "  0.026163675083662914],\n",
       " [0.021837349397590362,\n",
       "  0.00677710843373494,\n",
       "  0.021837349397590362,\n",
       "  0.1280120481927711,\n",
       "  0.007530120481927711,\n",
       "  0.18411144578313254,\n",
       "  0.09224397590361445,\n",
       "  0.2571536144578313,\n",
       "  0.021460843373493976,\n",
       "  0.01430722891566265,\n",
       "  0.008659638554216868,\n",
       "  0.02786144578313253,\n",
       "  0.19427710843373494,\n",
       "  0.013930722891566265],\n",
       " [0.20890774125132555,\n",
       "  0.0015906680805938495,\n",
       "  0.0911983032873807,\n",
       "  0.15164369034994699,\n",
       "  0.021208907741251327,\n",
       "  0.10498409331919406,\n",
       "  0.008483563096500531,\n",
       "  0.19989395546129374,\n",
       "  0.12725344644750794,\n",
       "  0.0010604453870625664,\n",
       "  0.0010604453870625664,\n",
       "  0.009544008483563097,\n",
       "  0.06945917285259809,\n",
       "  0.003711558854718982],\n",
       " [0.04170444242973708,\n",
       "  0.008159564823209429,\n",
       "  0.04502870957993352,\n",
       "  0.08673315200967059,\n",
       "  0.022665457842248413,\n",
       "  0.07827138108189785,\n",
       "  0.12571773949833787,\n",
       "  0.21033544877606528,\n",
       "  0.06255666364460562,\n",
       "  0.014808099123602297,\n",
       "  0.011786038077969175,\n",
       "  0.0075551526140828044,\n",
       "  0.27440314294348744,\n",
       "  0.010275007555152614],\n",
       " [0.04803033494838846,\n",
       "  0.005371813777122393,\n",
       "  0.12228776069096271,\n",
       "  0.04939962081314515,\n",
       "  0.018116705287550033,\n",
       "  0.11470402359384875,\n",
       "  0.013587528965662524,\n",
       "  0.4065725721508321,\n",
       "  0.025068464293237835,\n",
       "  0.0054771434590267535,\n",
       "  0.009058352643775016,\n",
       "  0.02433115651990731,\n",
       "  0.14440699389087844,\n",
       "  0.013587528965662524],\n",
       " [0.05968331303288672,\n",
       "  0.007308160779537149,\n",
       "  0.0730816077953715,\n",
       "  0.05602923264311815,\n",
       "  0.012180267965895249,\n",
       "  0.13032886723507917,\n",
       "  0.0535931790499391,\n",
       "  0.3702801461632156,\n",
       "  0.025578562728380026,\n",
       "  0.025578562728380026,\n",
       "  0.0036540803897685747,\n",
       "  0.0341047503045067,\n",
       "  0.14007308160779536,\n",
       "  0.008526187576126675],\n",
       " [0.13196157768347644,\n",
       "  0.0025987696963715914,\n",
       "  0.13781703345504787,\n",
       "  0.07723938287443666,\n",
       "  0.08725615974209677,\n",
       "  0.07625250830619429,\n",
       "  0.0180927004177769,\n",
       "  0.35708411460903317,\n",
       "  0.034770880621073065,\n",
       "  0.004671206289680581,\n",
       "  0.0020230928648968718,\n",
       "  0.008306194282706668,\n",
       "  0.058077568341063854,\n",
       "  0.003848810816145268],\n",
       " [0.026325686348251224,\n",
       "  0.003384731101918014,\n",
       "  0.06581421587062805,\n",
       "  0.07070327190673185,\n",
       "  0.003384731101918014,\n",
       "  0.14516735614892817,\n",
       "  0.032342986084994356,\n",
       "  0.3038736367055284,\n",
       "  0.013162843174125612,\n",
       "  0.03610379842045882,\n",
       "  0.006769462203836028,\n",
       "  0.03723204212109816,\n",
       "  0.22000752162467094,\n",
       "  0.035727717186912374],\n",
       " [0.030432136335970784,\n",
       "  0.015418949076891864,\n",
       "  0.044430919050517347,\n",
       "  0.02576587543112193,\n",
       "  0.22560357070399675,\n",
       "  0.07608034083992696,\n",
       "  0.03327246906066139,\n",
       "  0.13552444714952322,\n",
       "  0.009738283627510651,\n",
       "  0.011564211807668898,\n",
       "  0.061675796307567456,\n",
       "  0.10955569080949483,\n",
       "  0.1140190708054372,\n",
       "  0.1069182389937107],\n",
       " [0.14126160138430077,\n",
       "  0.010382255781028787,\n",
       "  0.07723769073462325,\n",
       "  0.13780084945729118,\n",
       "  0.03209060877772534,\n",
       "  0.19065596979707408,\n",
       "  0.021236432279377066,\n",
       "  0.17272298253893345,\n",
       "  0.03665250904514708,\n",
       "  0.009595721252162969,\n",
       "  0.012112631744533585,\n",
       "  0.024382570394840333,\n",
       "  0.09344030202925908,\n",
       "  0.04042787478370301],\n",
       " [0.028214285714285713,\n",
       "  0.0067857142857142855,\n",
       "  0.03142857142857143,\n",
       "  0.2978571428571429,\n",
       "  0.11928571428571429,\n",
       "  0.1667857142857143,\n",
       "  0.13464285714285715,\n",
       "  0.10607142857142857,\n",
       "  0.0325,\n",
       "  0.009285714285714286,\n",
       "  0.005,\n",
       "  0.0275,\n",
       "  0.02642857142857143,\n",
       "  0.008214285714285714],\n",
       " [0.021193924408336277,\n",
       "  0.001412928293889085,\n",
       "  0.1561285764747439,\n",
       "  0.06428823737195337,\n",
       "  0.0017661603673613563,\n",
       "  0.22430236665489225,\n",
       "  0.07170611091487107,\n",
       "  0.15330271988696573,\n",
       "  0.10561638996820912,\n",
       "  0.006004945249028612,\n",
       "  0.0035323207347227126,\n",
       "  0.012009890498057224,\n",
       "  0.16955139526669022,\n",
       "  0.009184033910279053],\n",
       " [0.14587353842660916,\n",
       "  0.0019298444772391872,\n",
       "  0.06470655011919628,\n",
       "  0.06788511749347259,\n",
       "  0.09785446702236349,\n",
       "  0.016233397661482574,\n",
       "  0.01770916108525372,\n",
       "  0.4568055397888523,\n",
       "  0.02463389715064139,\n",
       "  0.011579066863435123,\n",
       "  0.004200249744579407,\n",
       "  0.020887728459530026,\n",
       "  0.06311726643205812,\n",
       "  0.006584175275286638],\n",
       " [0.03825136612021858,\n",
       "  0.0117096018735363,\n",
       "  0.13505074160811867,\n",
       "  0.02498048399687744,\n",
       "  0.00858704137392662,\n",
       "  0.09523809523809523,\n",
       "  0.01014832162373146,\n",
       "  0.29430132708821233,\n",
       "  0.0117096018735363,\n",
       "  0.04449648711943794,\n",
       "  0.02576112412177986,\n",
       "  0.06401249024199844,\n",
       "  0.1725214676034348,\n",
       "  0.06323185011709602],\n",
       " [0.016853932584269662,\n",
       "  0.02247191011235955,\n",
       "  0.013108614232209739,\n",
       "  0.08707865168539326,\n",
       "  0.12172284644194757,\n",
       "  0.25,\n",
       "  0.06179775280898876,\n",
       "  0.15543071161048688,\n",
       "  0.0149812734082397,\n",
       "  0.07771535580524344,\n",
       "  0.0149812734082397,\n",
       "  0.06179775280898876,\n",
       "  0.06367041198501873,\n",
       "  0.03838951310861423],\n",
       " [0.04783773440489859,\n",
       "  0.015308075009567547,\n",
       "  0.015690776884806735,\n",
       "  0.2158438576349024,\n",
       "  0.05472636815920398,\n",
       "  0.17757367011098354,\n",
       "  0.08495981630309989,\n",
       "  0.12437810945273632,\n",
       "  0.027554535017221583,\n",
       "  0.014925373134328358,\n",
       "  0.008802143130501339,\n",
       "  0.09911978568694986,\n",
       "  0.07233065442020666,\n",
       "  0.040949100650593186],\n",
       " [0.010035419126328217,\n",
       "  0.0059031877213695395,\n",
       "  0.05785123966942149,\n",
       "  0.14049586776859505,\n",
       "  0.30460448642266824,\n",
       "  0.089728453364817,\n",
       "  0.14344746162927982,\n",
       "  0.09563164108618655,\n",
       "  0.03128689492325856,\n",
       "  0.024203069657615112,\n",
       "  0.011806375442739079,\n",
       "  0.0525383707201889,\n",
       "  0.012396694214876033,\n",
       "  0.020070838252656435],\n",
       " [0.11427500936680404,\n",
       "  0.008992131884600974,\n",
       "  0.08954664668415137,\n",
       "  0.03821656050955414,\n",
       "  0.011240164855751217,\n",
       "  0.04233795428999625,\n",
       "  0.028849756463094792,\n",
       "  0.36380666916448107,\n",
       "  0.005994754589733983,\n",
       "  0.030723117272386663,\n",
       "  0.02210565754964406,\n",
       "  0.05582615211689772,\n",
       "  0.13825402772573997,\n",
       "  0.04983139752716373],\n",
       " [0.006628003314001657,\n",
       "  0.006213753106876553,\n",
       "  0.08409279204639603,\n",
       "  0.07249378624689312,\n",
       "  0.0033140016570008283,\n",
       "  0.243993371996686,\n",
       "  0.03355426677713339,\n",
       "  0.13131731565865784,\n",
       "  0.026097763048881523,\n",
       "  0.021541010770505385,\n",
       "  0.021541010770505385,\n",
       "  0.06006628003314002,\n",
       "  0.2195526097763049,\n",
       "  0.0695940347970174],\n",
       " [0.013157894736842105,\n",
       "  0.005756578947368421,\n",
       "  0.12828947368421054,\n",
       "  0.03741776315789474,\n",
       "  0.005756578947368421,\n",
       "  0.19078947368421054,\n",
       "  0.011924342105263159,\n",
       "  0.17023026315789475,\n",
       "  0.06414473684210527,\n",
       "  0.023848684210526317,\n",
       "  0.03289473684210526,\n",
       "  0.025082236842105265,\n",
       "  0.25164473684210525,\n",
       "  0.0390625],\n",
       " [0.151864406779661,\n",
       "  0.0047457627118644066,\n",
       "  0.2122033898305085,\n",
       "  0.04949152542372881,\n",
       "  0.006101694915254237,\n",
       "  0.015593220338983051,\n",
       "  0.003389830508474576,\n",
       "  0.32610169491525426,\n",
       "  0.13220338983050847,\n",
       "  0.029152542372881354,\n",
       "  0.025084745762711864,\n",
       "  0.020338983050847456,\n",
       "  0.016271186440677966,\n",
       "  0.007457627118644068],\n",
       " [0.027607361963190184,\n",
       "  0.02822085889570552,\n",
       "  0.04478527607361963,\n",
       "  0.02822085889570552,\n",
       "  0.04723926380368098,\n",
       "  0.15030674846625766,\n",
       "  0.020245398773006136,\n",
       "  0.20920245398773007,\n",
       "  0.013496932515337423,\n",
       "  0.053987730061349694,\n",
       "  0.05337423312883435,\n",
       "  0.06993865030674846,\n",
       "  0.15337423312883436,\n",
       "  0.1],\n",
       " [0.030109489051094892,\n",
       "  0.009124087591240875,\n",
       "  0.0018248175182481751,\n",
       "  0.2846715328467153,\n",
       "  0.004562043795620438,\n",
       "  0.1678832116788321,\n",
       "  0.13594890510948904,\n",
       "  0.08759124087591241,\n",
       "  0.22445255474452555,\n",
       "  0.009124087591240875,\n",
       "  0.0018248175182481751,\n",
       "  0.01916058394160584,\n",
       "  0.01824817518248175,\n",
       "  0.005474452554744526],\n",
       " [0.03230437903804738,\n",
       "  0.01507537688442211,\n",
       "  0.019382627422828428,\n",
       "  0.1349605168700646,\n",
       "  0.29432878679109836,\n",
       "  0.05025125628140704,\n",
       "  0.11629576453697056,\n",
       "  0.05671213208901651,\n",
       "  0.03015075376884422,\n",
       "  0.014357501794687724,\n",
       "  0.01866475233309404,\n",
       "  0.13926776740847094,\n",
       "  0.005025125628140704,\n",
       "  0.0732232591529074],\n",
       " [0.017912428129146396,\n",
       "  0.006413091552410438,\n",
       "  0.029632905793896505,\n",
       "  0.1797877045555064,\n",
       "  0.015037593984962405,\n",
       "  0.30473241928350286,\n",
       "  0.025873507297655904,\n",
       "  0.11455108359133127,\n",
       "  0.05661211853162318,\n",
       "  0.016364440513047324,\n",
       "  0.008624502432551967,\n",
       "  0.03449800973020787,\n",
       "  0.16121185316231756,\n",
       "  0.028748341441839895],\n",
       " [0.012907608695652174,\n",
       "  0.001358695652173913,\n",
       "  0.017663043478260868,\n",
       "  0.06317934782608696,\n",
       "  0.0020380434782608695,\n",
       "  0.26970108695652173,\n",
       "  0.13926630434782608,\n",
       "  0.14402173913043478,\n",
       "  0.014945652173913044,\n",
       "  0.01358695652173913,\n",
       "  0.004076086956521739,\n",
       "  0.02717391304347826,\n",
       "  0.280570652173913,\n",
       "  0.009510869565217392],\n",
       " [0.04910929224843524,\n",
       "  0.008666345690900338,\n",
       "  0.04814636494944632,\n",
       "  0.030813673567645642,\n",
       "  0.36928261916225325,\n",
       "  0.03177660086663457,\n",
       "  0.04766490129995185,\n",
       "  0.22291766971593643,\n",
       "  0.006740491092922484,\n",
       "  0.007221954742416947,\n",
       "  0.005296100144439095,\n",
       "  0.08521906596051998,\n",
       "  0.05296100144439095,\n",
       "  0.034183919114106884],\n",
       " [0.15555555555555556,\n",
       "  0.016666666666666666,\n",
       "  0.15833333333333333,\n",
       "  0.034722222222222224,\n",
       "  0.03611111111111111,\n",
       "  0.013888888888888888,\n",
       "  0.0125,\n",
       "  0.3861111111111111,\n",
       "  0.022222222222222223,\n",
       "  0.05277777777777778,\n",
       "  0.0125,\n",
       "  0.044444444444444446,\n",
       "  0.044444444444444446,\n",
       "  0.009722222222222222],\n",
       " [0.04049493813273341,\n",
       "  0.014623172103487065,\n",
       "  0.02699662542182227,\n",
       "  0.14285714285714285,\n",
       "  0.04049493813273341,\n",
       "  0.15748031496062992,\n",
       "  0.19460067491563554,\n",
       "  0.17435320584926883,\n",
       "  0.014623172103487065,\n",
       "  0.007874015748031496,\n",
       "  0.014623172103487065,\n",
       "  0.043869516310461196,\n",
       "  0.08773903262092239,\n",
       "  0.03937007874015748],\n",
       " [0.010752688172043012,\n",
       "  0.01270772238514174,\n",
       "  0.013685239491691105,\n",
       "  0.08797653958944282,\n",
       "  0.05083088954056696,\n",
       "  0.12316715542521994,\n",
       "  0.04985337243401759,\n",
       "  0.270772238514174,\n",
       "  0.016617790811339198,\n",
       "  0.056695992179863146,\n",
       "  0.01270772238514174,\n",
       "  0.1436950146627566,\n",
       "  0.09188660801564028,\n",
       "  0.05865102639296188],\n",
       " [0.015832805573147563,\n",
       "  0.022165927802406588,\n",
       "  0.013299556681443952,\n",
       "  0.09626345788473717,\n",
       "  0.013932868904369854,\n",
       "  0.29512349588347053,\n",
       "  0.025965801139962,\n",
       "  0.07219759341355288,\n",
       "  0.00506649778340722,\n",
       "  0.028499050031665613,\n",
       "  0.018999366687777075,\n",
       "  0.16149461684610514,\n",
       "  0.11082963901203294,\n",
       "  0.12032932235592148],\n",
       " [0.02149912841371296,\n",
       "  0.006682161533991865,\n",
       "  0.01714119697850087,\n",
       "  0.20918070889018012,\n",
       "  0.03631609529343405,\n",
       "  0.17867518884369551,\n",
       "  0.02789076118535735,\n",
       "  0.24869262056943636,\n",
       "  0.0337013364323068,\n",
       "  0.011040092969203951,\n",
       "  0.007844276583381755,\n",
       "  0.028471818710052294,\n",
       "  0.1443927948866938,\n",
       "  0.028471818710052294],\n",
       " [0.27963272120200333,\n",
       "  0.014190317195325543,\n",
       "  0.13689482470784642,\n",
       "  0.07262103505843072,\n",
       "  0.005843071786310518,\n",
       "  0.00667779632721202,\n",
       "  0.037562604340567615,\n",
       "  0.2604340567612688,\n",
       "  0.08096828046744574,\n",
       "  0.012520868113522538,\n",
       "  0.014190317195325543,\n",
       "  0.035058430717863104,\n",
       "  0.024207011686143573,\n",
       "  0.019198664440734557],\n",
       " [0.05603074253130036,\n",
       "  0.0019833891161522253,\n",
       "  0.055410933432502786,\n",
       "  0.04995661336308417,\n",
       "  0.12235031610264038,\n",
       "  0.05293169703731251,\n",
       "  0.026403867608776495,\n",
       "  0.41266889797942236,\n",
       "  0.013883723813065576,\n",
       "  0.002231312755671253,\n",
       "  0.003594892773025908,\n",
       "  0.027891409445890667,\n",
       "  0.16883599851245817,\n",
       "  0.005826205528697162],\n",
       " [0.02901023890784983,\n",
       "  0.007963594994311717,\n",
       "  0.010238907849829351,\n",
       "  0.20819112627986347,\n",
       "  0.027303754266211604,\n",
       "  0.15017064846416384,\n",
       "  0.11149032992036405,\n",
       "  0.16496018202502843,\n",
       "  0.04152445961319681,\n",
       "  0.030147895335608646,\n",
       "  0.019908987485779295,\n",
       "  0.06996587030716724,\n",
       "  0.06541524459613197,\n",
       "  0.06370875995449374],\n",
       " [0.09720372836218376,\n",
       "  0.0,\n",
       "  0.24766977363515313,\n",
       "  0.07989347536617843,\n",
       "  0.006657789613848202,\n",
       "  0.03595206391478029,\n",
       "  0.015978695073235686,\n",
       "  0.4007989347536618,\n",
       "  0.06657789613848203,\n",
       "  0.002663115845539281,\n",
       "  0.002663115845539281,\n",
       "  0.018641810918774968,\n",
       "  0.022636484687083888,\n",
       "  0.002663115845539281],\n",
       " [0.030886482150020055,\n",
       "  0.001604492579221821,\n",
       "  0.014239871640593663,\n",
       "  0.15984757320497392,\n",
       "  0.0020056157240272766,\n",
       "  0.10268752507019654,\n",
       "  0.2222222222222222,\n",
       "  0.26514239871640594,\n",
       "  0.07200160449257922,\n",
       "  0.002206177296430004,\n",
       "  0.001604492579221821,\n",
       "  0.007220216606498195,\n",
       "  0.11552346570397112,\n",
       "  0.002807862013638187],\n",
       " [0.18153846153846154,\n",
       "  0.010256410256410256,\n",
       "  0.043076923076923075,\n",
       "  0.04,\n",
       "  0.0010256410256410256,\n",
       "  0.08717948717948718,\n",
       "  0.014358974358974359,\n",
       "  0.3302564102564103,\n",
       "  0.011282051282051283,\n",
       "  0.048205128205128206,\n",
       "  0.01641025641025641,\n",
       "  0.048205128205128206,\n",
       "  0.12717948717948718,\n",
       "  0.041025641025641026],\n",
       " [0.030766137140559018,\n",
       "  0.005228232455258395,\n",
       "  0.006434747637241102,\n",
       "  0.3321938467725719,\n",
       "  0.018499899457068168,\n",
       "  0.276090890810376,\n",
       "  0.07078222400965212,\n",
       "  0.10014076010456464,\n",
       "  0.05509752664387694,\n",
       "  0.0042228031369394734,\n",
       "  0.004826060727930827,\n",
       "  0.028755278503921174,\n",
       "  0.05952141564448019,\n",
       "  0.007440176955560024],\n",
       " [0.1289198606271777,\n",
       "  0.005662020905923345,\n",
       "  0.13458188153310105,\n",
       "  0.047473867595818814,\n",
       "  0.0017421602787456446,\n",
       "  0.048344947735191636,\n",
       "  0.011759581881533102,\n",
       "  0.38501742160278746,\n",
       "  0.023519163763066203,\n",
       "  0.031794425087108016,\n",
       "  0.002613240418118467,\n",
       "  0.04442508710801394,\n",
       "  0.11498257839721254,\n",
       "  0.01916376306620209],\n",
       " [0.010014306151645207,\n",
       "  0.02575107296137339,\n",
       "  0.01859799713876967,\n",
       "  0.0715307582260372,\n",
       "  0.011444921316165951,\n",
       "  0.2861230329041488,\n",
       "  0.06294706723891273,\n",
       "  0.19742489270386265,\n",
       "  0.01430615164520744,\n",
       "  0.05293276108726753,\n",
       "  0.010014306151645207,\n",
       "  0.08869814020028613,\n",
       "  0.09728183118741059,\n",
       "  0.05293276108726753],\n",
       " [0.04524284763805722,\n",
       "  0.0026613439787092482,\n",
       "  0.11709913506320692,\n",
       "  0.08383233532934131,\n",
       "  0.1430472388556221,\n",
       "  0.08050565535595476,\n",
       "  0.014637391882900865,\n",
       "  0.3379906852960745,\n",
       "  0.02594810379241517,\n",
       "  0.007984031936127744,\n",
       "  0.021290751829673986,\n",
       "  0.018629407850964737,\n",
       "  0.09115103127079174,\n",
       "  0.00998003992015968],\n",
       " [0.02111684655091506,\n",
       "  0.014077897700610043,\n",
       "  0.0990145471609573,\n",
       "  0.052088221492257156,\n",
       "  0.0014077897700610043,\n",
       "  0.15344908493664947,\n",
       "  0.022055373064289067,\n",
       "  0.1332707648991084,\n",
       "  0.012670107930549039,\n",
       "  0.08399812294697326,\n",
       "  0.04692632566870014,\n",
       "  0.0647583294228062,\n",
       "  0.1670577193805725,\n",
       "  0.12810886907555138],\n",
       " [0.218900675024108,\n",
       "  0.007714561234329798,\n",
       "  0.010607521697203472,\n",
       "  0.1128254580520733,\n",
       "  0.16393442622950818,\n",
       "  0.003857280617164899,\n",
       "  0.1870781099324976,\n",
       "  0.11957569913211186,\n",
       "  0.12921890067502412,\n",
       "  0.006750241080038573,\n",
       "  0.010607521697203472,\n",
       "  0.01639344262295082,\n",
       "  0.007714561234329798,\n",
       "  0.0048216007714561235],\n",
       " [0.02080624187256177,\n",
       "  0.010403120936280884,\n",
       "  0.08712613784135241,\n",
       "  0.21976592977893367,\n",
       "  0.0039011703511053317,\n",
       "  0.23276983094928477,\n",
       "  0.044213263979193757,\n",
       "  0.1352405721716515,\n",
       "  0.12093628088426528,\n",
       "  0.014304291287386216,\n",
       "  0.007802340702210663,\n",
       "  0.04031209362808843,\n",
       "  0.055916775032509754,\n",
       "  0.006501950585175552],\n",
       " [0.2196969696969697,\n",
       "  0.020202020202020204,\n",
       "  0.059343434343434344,\n",
       "  0.06439393939393939,\n",
       "  0.015151515151515152,\n",
       "  0.045454545454545456,\n",
       "  0.013888888888888888,\n",
       "  0.22853535353535354,\n",
       "  0.01893939393939394,\n",
       "  0.047979797979797977,\n",
       "  0.08964646464646464,\n",
       "  0.056818181818181816,\n",
       "  0.04671717171717172,\n",
       "  0.07323232323232323],\n",
       " [0.006195786864931847,\n",
       "  0.006195786864931847,\n",
       "  0.02973977695167286,\n",
       "  0.1771995043370508,\n",
       "  0.013630731102850062,\n",
       "  0.19950433705080545,\n",
       "  0.18587360594795538,\n",
       "  0.10408921933085502,\n",
       "  0.05080545229244114,\n",
       "  0.022304832713754646,\n",
       "  0.004956629491945477,\n",
       "  0.048327137546468404,\n",
       "  0.1325898389095415,\n",
       "  0.01858736059479554],\n",
       " [0.07210732252655115,\n",
       "  0.005030743432084964,\n",
       "  0.12800447177193963,\n",
       "  0.07210732252655115,\n",
       "  0.0022358859698155395,\n",
       "  0.1218557853549469,\n",
       "  0.01732811626607043,\n",
       "  0.3728339854667412,\n",
       "  0.043599776411403016,\n",
       "  0.010620458356623811,\n",
       "  0.008943543879262158,\n",
       "  0.023476802683063163,\n",
       "  0.10844046953605366,\n",
       "  0.013415315818893237],\n",
       " [0.13486682808716707,\n",
       "  0.00387409200968523,\n",
       "  0.12736077481840194,\n",
       "  0.10581113801452785,\n",
       "  0.021065375302663437,\n",
       "  0.015012106537530266,\n",
       "  0.09782082324455206,\n",
       "  0.324455205811138,\n",
       "  0.09346246973365617,\n",
       "  0.004600484261501211,\n",
       "  0.006779661016949152,\n",
       "  0.012106537530266344,\n",
       "  0.046246973365617436,\n",
       "  0.006537530266343826],\n",
       " [0.06385542168674699,\n",
       "  0.004216867469879518,\n",
       "  0.19819277108433736,\n",
       "  0.07710843373493977,\n",
       "  0.004819277108433735,\n",
       "  0.07168674698795181,\n",
       "  0.012048192771084338,\n",
       "  0.4090361445783133,\n",
       "  0.02469879518072289,\n",
       "  0.00783132530120482,\n",
       "  0.008433734939759036,\n",
       "  0.04036144578313253,\n",
       "  0.06626506024096386,\n",
       "  0.01144578313253012],\n",
       " [0.009113924050632912,\n",
       "  0.030886075949367087,\n",
       "  0.06329113924050633,\n",
       "  0.03240506329113924,\n",
       "  0.004556962025316456,\n",
       "  0.3508860759493671,\n",
       "  0.014177215189873417,\n",
       "  0.06278481012658228,\n",
       "  0.034936708860759495,\n",
